4257028;26015912;2490198494;
4257028;2490198494;26015910;
4257028;26015910;128580399;
4257028;128580399;4161788736;
4259343;26015879;3092764697;
4259343;3092764697;3713666408;
4259343;3713666408;3092764705;
4259343;3092764705;3713666409;
4259343;3713666409;25532146;
4259343;25532146;3713666412;
4259343;3713666412;3092764699;
4259343;3092764699;3713666415;
4259343;3713666415;25532145;
4259343;25532145;3713666420;
4259343;3713666420;3092764710;
4259343;3092764710;25532144;
4259343;25532144;3713667325;
4259343;3713667325;26122713;
4259344;26122714;3713667326;
4259344;3713667326;25532193;
4259344;25532193;3713666418;
4259344;3713666418;25532222;
4259345;26122714;25532197;
4259345;25532197;3713667327;
4259345;3713667327;3713666423;
4259345;3713666423;3713666422;
4259345;3713666422;25532199;
4259345;25532199;3713666421;
4259345;3713666421;3713666419;
4259345;3713666419;25532200;
4259345;25532200;3713666416;
4259345;3713666416;3713666414;
4259345;3713666414;3713666413;
4259345;3713666413;25532201;
4259345;25532201;25532202;
4259345;25532202;26015889;
4306658;26122781;3713963961;
4306658;3713963961;3713963958;
4306658;3713963958;3713963955;
4306658;3713963955;3713963954;
4306658;3713963954;26057801;
4306660;26122784;3713963423;
4306660;3713963423;112652825;
4306660;112652825;3713963419;
4306660;3713963419;3713963417;
4306660;3713963417;3713963414;
4306660;3713963414;26057776;
4306660;26057776;3713963410;
4306660;3713963410;112652828;
4306660;112652828;3713963406;
4306660;3713963406;26057774;
4306660;26057774;3713963404;
4306660;3713963404;112652829;
4306660;112652829;3713963407;
4306660;3713963407;26057772;
4306660;26057772;3713963411;
4306660;3713963411;3713963412;
4306660;3713963412;112652830;
4306660;112652830;3713963418;
4306660;3713963418;3713963420;
4306660;3713963420;26057769;
4306660;26057769;3713963421;
4306660;3713963421;3713963422;
4306660;3713963422;112652831;
4306660;112652831;3713963424;
4306660;3713963424;26057767;
4306660;26057767;112652832;
4306660;112652832;3713963928;
4306660;3713963928;3713963929;
4306660;3713963929;3713963930;
4306660;3713963930;26057764;
4306660;26057764;112652833;
4306660;112652833;26057762;
4306660;26057762;3713963934;
4306660;3713963934;3713963933;
4306660;3713963933;3713963932;
4306660;3713963932;112652932;
4306661;26057853;3713963415;
4306661;3713963415;3713963413;
4306661;3713963413;26057854;
4306661;26057854;3713963408;
4306661;3713963408;112654450;
4306661;112654450;3713963403;
4306661;3713963403;3713963401;
4306661;3713963401;112654452;
4306661;112654452;3713963399;
4306661;3713963399;26057855;
4306661;26057855;3713963397;
4306661;3713963397;112653914;
4306661;112653914;3713963395;
4306661;3713963395;26057856;
4306661;26057856;3713963392;
4306661;3713963392;112653915;
4306661;112653915;3713963393;
4306661;3713963393;3713963394;
4306661;3713963394;26057857;
4306661;26057857;3713963396;
4306661;3713963396;112653406;
4306661;112653406;3713963398;
4306661;3713963398;26057858;
4306661;26057858;3713963400;
4306661;3713963400;26122720;
4306662;3139458027;3139458019;
4306662;3139458019;26057847;
4306662;26057847;26057848;
4306662;26057848;3139458026;
4306662;3139458026;3713963925;
4306662;3713963925;3713963926;
4306662;3713963926;26057849;
4306662;26057849;3713963931;
4306662;3713963931;3713963935;
4306662;3713963935;3713963938;
4306662;3713963938;26057850;
4306662;26057850;3713963941;
4306662;3713963941;26057852;
4306662;26057852;26122724;
13797528;287458354;287458362;
13797528;287458362;287458356;
13797528;287458356;420865858;
13797528;420865858;2583930788;
13797704;128566335;2486710610;
13797704;2486710610;128560437;
13797785;26015915;26015917;
13797785;26015917;4724823852;
13797785;4724823852;26015919;
13797785;26015919;2490198515;
13797785;2490198515;26015921;
13797785;26015921;4724823853;
13797785;4724823853;26015923;
13797785;26015923;2490198503;
13797785;2490198503;128569678;
13797813;128569766;2490198498;
13797813;2490198498;26015924;
13797813;26015924;4724823854;
13797813;4724823854;26015922;
13797813;26015922;2490198511;
13797813;2490198511;3092764720;
13797813;3092764720;26015920;
13797813;26015920;26015918;
13797813;26015918;26015916;
13797865;128571479;128571478;
13797865;128571478;4731117095;
13797865;4731117095;128571477;
13797865;128571477;128571476;
13797865;128571476;4731117094;
13797865;4731117094;2490198521;
13797865;2490198521;128617101;
13797903;128616477;4731117091;
13797903;4731117091;2490198518;
13797903;2490198518;128573633;
13797903;128573633;128573635;
13797903;128573635;4526609656;
13797903;4526609656;128573640;
13797903;128573640;4526609655;
13797951;411831032;128575849;
13797951;128575849;128575853;
13797951;128575853;2490198504;
13797951;2490198504;4731117097;
13797951;4731117097;128616478;
13797988;128617100;4731117096;
13797988;4731117096;128577510;
13797988;128577510;128577516;
13797988;128577516;128577517;
13797988;128577517;2490198500;
13797988;2490198500;128577519;
13798046;128580161;2490198492;
13798046;2490198492;128580163;
13798046;128580163;128580166;
13798046;128580166;128579822;
13798046;128579822;3092764690;
13798046;3092764690;128579825;
13798089;128581932;5291597608;
13798089;5291597608;2490198488;
13798089;2490198488;128581937;
13798192;128587416;128588840;
13798192;128588840;128588844;
13798192;128588844;5291598232;
13798192;5291598232;128588845;
13798192;128588845;5291598233;
13798192;5291598233;128588848;
13798192;128588848;128588850;
13798192;128588850;128588853;
13798192;128588853;128588856;
13798192;128588856;128588858;
13798242;3092764696;128578693;
13798242;128578693;128578696;
13798242;128578696;128578699;
13798242;128578699;128578701;
13798242;128578701;128578702;
13798272;128607704;128594096;
13798272;128594096;128594097;
13798272;128594097;128594098;
13798272;128594098;128594099;
13798272;128594099;128594102;
13798272;128594102;128594103;
13798272;128594103;128594106;
13798272;128594106;128594107;
13798272;128594107;128594109;
13798272;128594109;128594110;
13798272;128594110;128594112;
13798272;128594112;2490198489;
13798272;2490198489;3092764702;
13798272;3092764702;128579825;
13798291;128588858;2354389954;
13798291;2354389954;2354389956;
13798291;2354389956;2354389958;
13798291;2354389958;2354389944;
13798291;2354389944;2354389953;
13798291;2354389953;2354389946;
13798291;2354389946;2354389945;
13798291;2354389945;2354389955;
13798291;2354389955;2354389948;
13798291;2354389948;2354389949;
13798291;2354389949;2354389950;
13798291;2354389950;128580161;
13798541;128583031;2490198483;
13798575;128591054;128591056;
13798575;128591056;128591059;
13798575;128591059;128591062;
13798575;128591062;128591064;
13798575;128591064;128591066;
13798575;128591066;128591068;
13798575;128591068;128591070;
13798575;128591070;128591072;
13798575;128591072;128591075;
13798688;128560426;128616477;
13798688;128616477;2490198516;
13798688;2490198516;2490198512;
13798688;2490198512;2490198507;
13798688;2490198507;128616478;
13798688;128616478;128560429;
13798697;128560429;4731117092;
13798697;4731117092;2486710615;
13798716;128560429;128617100;
13798716;128617100;2490198508;
13798716;2490198508;2490198514;
13798716;2490198514;2490198519;
13798716;2490198519;128617101;
13798716;128617101;128560426;
13798768;128616478;128617100;
13798803;128617101;128616477;
13798889;128571476;128623929;
13798889;128623929;128623931;
13798889;128623931;128623933;
13798889;128623933;128623934;
13798889;128623934;128623935;
13798889;128623935;128577510;
13798931;128575853;128625787;
13798931;128625787;128625788;
13798931;128625788;128625791;
13798931;128625791;128625793;
13798931;128625793;128573633;
26248559;287458431;4378186376;
26248559;4378186376;4907385134;
26248559;4907385134;4378186209;
26248559;4378186209;4378186138;
26248559;4378186138;2156104173;
26248559;2156104173;4378185977;
26248559;4378185977;4378185958;
26248559;4378185958;287458429;
26248559;287458429;2156098702;
26248559;2156098702;4378185663;
26248559;4378185663;2156104175;
26248559;2156104175;4378185615;
26248559;4378185615;430006697;
26248559;430006697;287458442;
26248559;287458442;287458440;
26248559;287458440;3554953684;
26248559;3554953684;4210849144;
26248559;4210849144;4210849143;
26248559;4210849143;4202779474;
26248559;4202779474;5454496154;
26248559;5454496154;412246600;
26248563;287458443;287458447;
26248564;411506246;444011315;
26248564;444011315;444004669;
26248564;444004669;4718388084;
26248564;4718388084;444004670;
26248564;444004670;444004671;
26248564;444004671;444004672;
26248564;444004672;444004676;
26248564;444004676;444004673;
26248564;444004673;444004674;
26248564;444004674;444011311;
26248564;444011311;287458452;
26248565;287458449;411834913;
26248565;411834913;416007714;
26248565;416007714;411834914;
26248567;287458447;2605287683;
26248567;2605287683;287458449;
27103806;128560419;2485736716;
27103806;2485736716;297369929;
27103806;297369929;297369930;
27103806;297369930;4585887657;
27103806;4585887657;297369931;
27103806;297369931;4585887654;
27103806;4585887654;2485736721;
27103806;2485736721;297369932;
27103806;297369932;4585887646;
27103806;4585887646;4585887653;
27103806;4585887653;297369933;
27103806;297369933;431647237;
27103806;431647237;297369934;
27103806;297369934;3250683243;
27103806;3250683243;431647238;
27103806;431647238;2485736724;
27149266;128560423;297880033;
27149266;297880033;297880050;
27149266;297880050;2169223431;
27149266;2169223431;2169223410;
27149266;2169223410;297880051;
27149266;297880051;297880041;
27149266;297880041;2169223450;
27149266;2169223450;297880042;
27149266;297880042;2169223443;
27149266;2169223443;3250683197;
29035149;112651991;112651992;
29035151;112652932;112613608;
29035153;112613608;26057853;
29036509;3092764704;3092764717;
29036509;3092764717;3092764708;
29036509;3092764708;26015899;
29036509;26015899;26015901;
29036509;26015901;26015903;
29036509;26015903;26015905;
29036509;26015905;26015907;
29036509;26015907;128579264;
29036513;25532210;3522106316;
29036513;3522106316;3522106322;
29036513;3522106322;3522106324;
29036513;3522106324;25532211;
30912876;343646688;343646697;
30912876;343646697;2490198485;
30912876;2490198485;2486710547;
30912878;416007724;428670446;
30912878;428670446;428670445;
30912878;428670445;343646698;
30912878;343646698;343646700;
30912878;343646700;416007714;
34597087;401623785;401623786;
34774629;411506246;411504969;
34774629;411504969;4087312908;
34774629;4087312908;128597080;
34774629;128597080;128580161;
34777927;128581937;128586494;
34777927;128586494;128586496;
34777927;128586496;5291597607;
34777927;5291597607;128586497;
34777927;128586497;5291597606;
34777927;5291597606;128586500;
34777927;128586500;5291597605;
34777927;5291597605;128586501;
34777947;128591075;4731603468;
34777947;4731603468;128591076;
34777947;128591076;128591079;
34777947;128591079;128591080;
34777947;128591080;128586501;
34798406;128580161;5291597610;
34798406;5291597610;5291597609;
34798406;5291597609;5291597611;
34798406;5291597611;2490198491;
35078499;128597080;411504988;
35078499;411504988;411504967;
35078499;411504967;411504968;
35078499;411504968;411504969;
35078500;411504977;411504979;
35078500;411504979;420777494;
35078500;420777494;411504981;
35078500;411504981;4590506320;
35078500;4590506320;411504984;
35078500;411504984;411504986;
35078500;411504986;4455723315;
35078500;4455723315;411504987;
35078500;411504987;412249442;
35078500;412249442;2084090872;
35078500;2084090872;3554953622;
35078500;3554953622;411504967;
35078501;411504995;411835470;
35078501;411835470;411504997;
35078501;411504997;445439284;
35078501;445439284;432578810;
35078501;432578810;411504999;
35078501;411504999;432578813;
35078501;432578813;445439290;
35078501;445439290;411504977;
35078502;411504966;411504995;
35104968;2486710547;2486710548;
35104968;2486710548;2486710549;
35104968;2486710549;2486710615;
35104969;287458449;2490198487;
35104969;2490198487;2486710547;
35104970;287458454;4526609646;
35104970;4526609646;287458456;
35104970;287458456;4526609645;
35104970;4526609645;435240919;
35104970;435240919;2084091557;
35104970;2084091557;4718388054;
35104970;4718388054;287458443;
35105021;420777494;445439255;
35105021;445439255;445439258;
35105021;445439258;445439261;
35105021;445439261;1223751575;
35145152;412249442;2072674371;
35145152;2072674371;2072674370;
35145152;2072674370;412249443;
35145152;412249443;4517268370;
35145152;4517268370;412249444;
35145152;412249444;412249445;
35145152;412249445;412249446;
35145152;412249446;412246602;
35145153;5198412994;4381093243;
35145153;4381093243;2617650079;
35145153;2617650079;1548554613;
35145153;1548554613;412246608;
35145272;412246602;412247985;
35145272;412247985;1223751669;
35145272;1223751669;1223751757;
35145272;1223751757;412247991;
35145272;412247991;1223751671;
35145272;1223751671;1223751572;
35145272;1223751572;4573598489;
35145272;4573598489;412247996;
35145272;412247996;4573598490;
35145272;4573598490;412248000;
35145272;412248000;412248004;
35145272;412248004;412248006;
35145272;412248006;412248011;
35145272;412248011;1223751610;
35145272;1223751610;5310412092;
35145272;5310412092;412248019;
35145521;411504977;412249448;
35145521;412249448;4566797421;
35145521;4566797421;4718388481;
35145521;4718388481;412249449;
35145521;412249449;412249450;
35145521;412249450;412248019;
35145521;412248019;412249451;
35145521;412249451;420776939;
35145521;420776939;432578781;
35145521;432578781;4523960189;
35145521;4523960189;420776943;
35145522;412246600;2617650078;
35145522;2617650078;1548554615;
35145522;1548554615;412246608;
35727408;411834914;411834915;
35727410;411834915;128597080;
35997529;112613592;2622548691;
35997529;2622548691;2622548689;
35997529;2622548689;4378186448;
35997529;4378186448;444004655;
35997529;444004655;2622548690;
35997529;2622548690;5310412109;
35997529;5310412109;5476716967;
35997529;5476716967;444004645;
35997529;444004645;420774512;
35997529;420774512;3170300793;
35997529;3170300793;2060757030;
35997529;2060757030;4378185396;
35997529;4378185396;5476716968;
35997529;5476716968;2060757032;
35997529;2060757032;4202779469;
35997529;4202779469;5198413009;
35997529;5198413009;2485736709;
35997529;2485736709;2485736710;
35997529;2485736710;432597947;
35997762;420776909;420776894;
35997763;112613604;2846609715;
35997763;2846609715;2846609714;
35997763;2846609714;2846609713;
35997763;2846609713;444026528;
35997763;444026528;444026527;
35997763;444026527;420776961;
35997812;420777495;420777496;
35997812;420777496;445439274;
35997812;445439274;412256453;
35997812;412256453;411835470;
35997812;411835470;4455723310;
35997812;4455723310;411835382;
35997812;411835382;4455723303;
35997812;4455723303;4566797450;
35997812;4566797450;4566797461;
35997812;4566797461;411835384;
36001071;287458431;420807841;
36905352;420776894;2846609716;
36905352;2846609716;5310413732;
36905352;5310413732;429205569;
36905352;429205569;4494941281;
36965446;420776894;429833940;
36965446;429833940;429833942;
36965446;429833942;788826675;
36965446;788826675;5310413731;
36965446;5310413731;429833945;
36965446;429833945;5310413730;
36965446;5310413730;429833953;
36965446;429833953;1221776530;
36979228;3554953679;2156098729;
36979228;2156098729;2156098719;
36979228;2156098719;2156098755;
36979228;2156098755;2617650080;
36979228;2617650080;2156098708;
36979228;2156098708;2156098689;
36979228;2156098689;4381097464;
36979228;4381097464;2156104170;
36979228;2156104170;3554953687;
36979228;3554953687;3554953688;
36979228;3554953688;430006697;
36996353;3554953706;431615494;
36996353;431615494;430267080;
36996353;430267080;3554953708;
36996353;3554953708;430267082;
36996353;430267082;430267081;
36996354;3554953710;430267083;
36996354;430267083;435759031;
36996354;435759031;435759032;
36996354;435759032;5310412114;
36996354;5310412114;4907380639;
36996745;4494941281;430273244;
36996745;430273244;1221776530;
36996746;4419264595;4494941282;
36996746;4494941282;4494941281;
36996747;4494941277;432862420;
36996747;432862420;430273258;
36996747;430273258;1221776584;
36996747;1221776584;1221776620;
36996747;1221776620;430273261;
36996747;430273261;1221776530;
36996748;4494941277;4494941284;
36996748;4494941284;429205574;
36997786;430284793;2583946063;
36997787;430284836;430284834;
36997787;430284834;430284833;
37111744;431615495;431615496;
37111744;431615496;431615497;
37111744;431615497;1244598176;
37111744;1244598176;431615498;
37111744;431615498;431615499;
37112931;431647245;4441072618;
37112931;4441072618;4441072617;
37112931;4441072617;431647254;
37112931;431647254;431647259;
37112931;431647259;431647261;
37112931;431647261;431647262;
37112931;431647262;431647264;
37112931;431647264;431647266;
37112931;431647266;431647269;
37112931;431647269;431647272;
37112931;431647272;4605838352;
37112931;4605838352;431647273;
37112931;431647273;4605838355;
37112931;4605838355;4605838354;
37112931;4605838354;431647274;
37112931;431647274;1837927571;
37112931;1837927571;4605838353;
37112931;4605838353;2485736724;
37120131;1221776530;738940473;
37120131;738940473;5310413729;
37120131;5310413729;738940435;
37120131;738940435;429833958;
37120131;429833958;430267081;
37120131;430267081;431615495;
37120131;431615495;429833960;
37120133;430267067;4907380639;
37120133;4907380639;287458421;
37120133;287458421;3139458233;
37120135;431925048;1221776530;
37120543;431947965;431947934;
37120544;431947934;4499009841;
37120544;4499009841;4494941244;
37120544;4494941244;431947936;
37120544;431947936;4494941245;
37120544;4494941245;431947938;
37120544;431947938;4494941246;
37120544;4494941246;431947940;
37120544;431947940;4494941247;
37120544;4494941247;4494941248;
37120544;4494941248;431947942;
37120544;431947942;431947945;
37120544;431947945;4541182493;
37120544;4541182493;4494941249;
37120544;4494941249;4494941250;
37120544;4494941250;431947960;
37120544;431947960;4494941252;
37120544;4494941252;4494941251;
37120544;4494941251;431947948;
37120544;431947948;4494941253;
37120544;4494941253;431947950;
37120544;431947950;4494941254;
37120544;4494941254;4415729245;
37120544;4415729245;435206312;
37120544;435206312;1103134724;
37120544;1103134724;4541182494;
37120544;4541182494;4494941260;
37120544;4494941260;4494941259;
37120544;4494941259;4494941262;
37120544;4494941262;431947952;
37141967;420776943;435240914;
37141967;435240914;4523960191;
37141967;4523960191;5284172068;
37141967;5284172068;2185792256;
37141967;2185792256;5284172069;
37141967;5284172069;432578826;
37141967;432578826;432578827;
37141967;432578827;1223751630;
37141967;1223751630;432578828;
37141967;432578828;5284172070;
37141967;5284172070;435240917;
37141967;435240917;784475024;
37141968;432578781;4517268078;
37141968;4517268078;1223751641;
37141968;1223751641;1223751723;
37141968;1223751723;430012030;
37141968;430012030;4517268312;
37141968;4517268312;5310412104;
37141968;5310412104;5310412106;
37141968;5310412106;430012028;
37141968;430012028;2185848579;
37141973;435240927;435240930;
37141973;435240930;432578852;
37141973;432578852;435240932;
37141973;435240932;432578853;
37141975;432578853;2066740958;
37141975;2066740958;432578859;
37141982;432578831;432578901;
37141982;432578901;432578906;
37141982;432578906;4573598508;
37141982;4573598508;4573598507;
37141982;4573598507;432578908;
37141982;432578908;4573598506;
37141982;4573598506;432578916;
37141982;432578916;4573598505;
37141982;4573598505;5310412097;
37141982;5310412097;5310412098;
37141982;5310412098;432578919;
37141982;432578919;5310412099;
37141982;5310412099;432578922;
37141983;411835382;432578938;
37141983;432578938;432578945;
37141983;432578945;432578817;
37141985;445439255;445439343;
37141985;445439343;2073943322;
37141985;2073943322;432578813;
37141985;432578813;432578945;
37142500;3713816545;3713843046;
37142500;3713843046;26122715;
37142500;26122715;3713843047;
37142500;3713843047;26122717;
37142500;26122717;3713843048;
37142500;3713843048;3713843050;
37142500;3713843050;26122718;
37143412;432597949;4526607779;
37143412;4526607779;2485736711;
37143412;2485736711;432597947;
37143413;287458454;432597951;
37143413;432597951;4573598287;
37143413;4573598287;432597952;
37143413;432597952;2449318866;
37143413;2449318866;432597953;
37143413;432597953;432597954;
37143413;432597954;432597949;
37143414;432597951;287458456;
37194468;430273261;4494941279;
37194468;4494941279;4494941280;
37194468;4494941280;432862422;
37194468;432862422;432862423;
37194468;432862423;4494941278;
37194468;4494941278;1221776605;
37194468;1221776605;432862420;
37202416;433073103;4496228785;
37202416;4496228785;4496228784;
37202416;4496228784;433073105;
37202416;433073105;433073106;
37202416;433073106;4494941283;
37202416;4494941283;1221776573;
37202416;1221776573;1221776392;
37202416;1221776392;4415729254;
37202416;4415729254;1221776450;
37202416;1221776450;4415729252;
37202416;4415729252;4415729253;
37338732;435240914;435240906;
37338733;435240917;435240959;
37338734;128560421;435240964;
37338734;435240964;2485736712;
37338734;2485736712;432597949;
37338735;435240964;4526609650;
37338735;4526609650;4526609651;
37338735;4526609651;435240968;
37338735;435240968;4526609649;
37338735;4526609649;435240969;
37352974;435759029;435759031;
37855519;112613596;444004614;
37855519;444004614;444004615;
37855519;444004615;2489687347;
37855519;2489687347;444004616;
37855519;444004616;2489687348;
37855519;2489687348;444004617;
37855519;444004617;2489687349;
37855519;2489687349;444004618;
37855519;444004618;2489687350;
37855519;2489687350;444004619;
37855519;444004619;444004620;
37855520;444004620;4378186498;
37855520;4378186498;444004625;
37855521;444004626;444004627;
37855522;444004628;444004629;
37855523;444004620;444004621;
37855523;444004621;444004626;
37855523;444004626;444004622;
37855523;444004622;444004630;
37855523;444004630;444004631;
37855523;444004631;444004632;
37855523;444004632;444004633;
37855523;444004633;5310412110;
37855523;5310412110;444004634;
37855523;444004634;444004638;
37855523;444004638;4526607772;
37855523;4526607772;444004639;
37855523;444004639;4526607773;
37855523;4526607773;444004640;
37855523;444004640;4526607774;
37855523;4526607774;444004641;
37855523;444004641;444004646;
37855523;444004646;444004644;
37855523;444004644;444004645;
37855524;444004646;444004647;
37855525;444004648;2102009665;
37855525;2102009665;2060757057;
37855525;2060757057;444004649;
37855525;444004649;2060757023;
37855525;2060757023;2060757087;
37855525;2060757087;2060757085;
37855525;2060757085;2060757045;
37855525;2060757045;2060757099;
37855526;112613589;444004651;
37855526;444004651;444004649;
37855527;444004651;2605258290;
37855527;2605258290;444004650;
37855528;444004652;444004653;
37855528;444004653;444004654;
37855528;444004654;4526607771;
37855528;4526607771;444004655;
37855529;444004660;297880033;
37855529;297880033;3250683201;
37855529;3250683201;3250683205;
37855529;3250683205;444004656;
37855531;432597951;444004668;
37855531;444004668;4737169814;
37855531;4737169814;444004667;
37855531;444004667;444004666;
37855531;444004666;444004665;
37855531;444004665;444004664;
37855531;444004664;444004663;
37855531;444004663;444004662;
37856053;411506246;3554953651;
37856053;3554953651;444011318;
37856053;444011318;444011320;
37856053;444011320;444011321;
37856053;444011321;444011323;
37856053;444011323;1548554598;
37856053;1548554598;1548554599;
37856053;1548554599;1548554600;
37856053;1548554600;1548554602;
37856053;1548554602;1548554601;
37856823;444026518;444026520;
37856823;444026520;444026522;
37856823;444026522;444026524;
37856824;444026522;444026527;
37856825;444026520;444026528;
37915267;445032812;4503222507;
37915267;4503222507;445032810;
37915267;445032810;445032816;
37915267;445032816;445032820;
37915267;445032820;4494940786;
37915267;4494940786;445032821;
37915267;445032821;433469204;
37937529;445439274;445439334;
37937529;445439334;1223751730;
37937529;1223751730;1223751697;
37937529;1223751697;445439337;
37937529;445439337;445439340;
37937530;411504999;2073943320;
37937530;2073943320;445439340;
37937530;445439340;445439258;
37937531;445439343;445439344;
37937532;445439347;445439344;
37937532;445439344;2073943321;
37937532;2073943321;445439290;
37937534;445439334;4573598492;
37937534;4573598492;445439284;
38001349;446308238;446308240;
38001349;446308240;287458431;
38001351;112652003;2622548687;
38001351;2622548687;112613592;
38001352;112613592;446308245;
38001352;446308245;446308246;
38001352;446308246;112652004;
41284280;504782500;504782506;
41284280;504782506;4737169802;
41284280;4737169802;504782511;
41284280;504782511;504782513;
41284280;504782513;504782514;
41380172;435240906;3573222096;
41380172;3573222096;506111738;
41380172;506111738;3573222097;
41380172;3573222097;2185756687;
41380173;435240959;506111741;
41380173;506111741;4282469053;
41380173;4282469053;506111742;
51228960;444004676;4452248001;
51228960;4452248001;444004677;
51228960;444004677;4526607816;
51228960;4526607816;444004678;
51228960;444004678;4573598276;
51228960;4573598276;4573598285;
51228960;4573598285;444004679;
51228960;444004679;4573598286;
51228960;4573598286;444004680;
51228960;444004680;444004681;
51228960;444004681;4378171712;
51228960;4378171712;444004682;
51228960;444004682;444004683;
62087615;432578854;432578855;
62087615;432578855;432578856;
62087615;432578856;4393940287;
62087615;4393940287;4751793219;
62087615;4751793219;4751793220;
62087615;4751793220;297369729;
63192525;1223751805;1223751624;
63192525;1223751624;5284518525;
63192525;5284518525;4474021930;
63192525;4474021930;5284518526;
63192525;5284518526;4474021931;
63192525;4474021931;1223751732;
63192525;1223751732;5284518524;
63192525;5284518524;5284518403;
63192525;5284518403;5284518404;
63192525;5284518404;4474021937;
63844500;788743391;430284793;
63844502;788743536;788743478;
63844506;128560413;2102030072;
63844506;2102030072;430284833;
63844506;430284833;112652015;
63844510;430284791;430284792;
63844510;430284792;788743391;
63844513;430284793;788743536;
63844513;788743536;430284795;
63844513;430284795;430284797;
63844513;430284797;430284800;
63844513;430284800;430284801;
63844520;430284842;430284844;
63844520;430284844;430284846;
63848181;788826710;788826684;
63848181;788826684;788826695;
63848181;788826695;788826712;
63848181;788826712;788826699;
63848181;788826699;788826688;
63848181;788826688;788826707;
106115722;788826675;1221804092;
106115722;1221804092;1221804117;
106115722;1221804117;4675765443;
106115722;4675765443;1221804110;
106115722;1221804110;1221804112;
106115722;1221804112;1221804105;
106115722;1221804105;1221804107;
106115722;1221804107;788826712;
106334854;3501878316;3799695586;
106334854;3799695586;4478069047;
106334854;4478069047;3799695585;
106334854;3799695585;3799695584;
106334854;3799695584;432578864;
106334854;432578864;432578863;
106334854;432578863;432578862;
106334854;432578862;4478069048;
106334854;4478069048;432578861;
106334854;432578861;4478069039;
106334854;4478069039;432578860;
106334854;432578860;401623786;
106334854;401623786;432578859;
106334854;432578859;432578854;
106334854;432578854;432578858;
106334854;432578858;4478069055;
106334856;1223751661;1223751647;
106334856;1223751647;1223751786;
106334856;1223751786;1223751699;
106334856;1223751699;1223751620;
106334856;1223751620;1223751586;
106334856;1223751586;1223751633;
106334856;1223751633;4455723319;
106334856;4455723319;411504984;
106334858;1223751687;1223751681;
106334858;1223751681;1223751606;
106334858;1223751606;445439265;
106334858;445439265;1223751631;
106334858;1223751631;1223751575;
106334858;1223751575;1223751712;
106334858;1223751712;3554953534;
106334858;3554953534;1223751687;
106334858;1223751687;1223751631;
106334859;1223751730;1223751631;
106334860;445439337;4573598491;
106334860;4573598491;432578810;
106334860;432578810;432578938;
106334863;1223751575;1223751697;
106334864;1223751592;1223751807;
106334864;1223751807;1223751600;
106334864;1223751600;1223751605;
106334864;1223751605;1223751780;
106334864;1223751780;1223751578;
106334864;1223751578;1223751781;
106334864;1223751781;2084090866;
106334864;2084090866;2084090872;
106334866;1223751757;1223751746;
106334867;1223751616;1223751661;
106334867;1223751661;1223751666;
106334867;1223751666;1223751590;
106334867;1223751590;1223751604;
106334867;1223751604;1223751652;
106334867;1223751652;1223751720;
106334867;1223751720;1223751632;
106334867;1223751632;1223751592;
106334867;1223751592;1223751728;
106334867;1223751728;1223751679;
106334867;1223751679;1223751766;
106334867;1223751766;1223751700;
106334867;1223751700;4455723317;
106334867;4455723317;412249442;
108480588;4494941281;433073103;
108480588;433073103;4494941277;
126568160;1402787144;4562008804;
126568160;4562008804;4501342455;
126568160;4501342455;4501342457;
126568160;4501342457;4501342456;
126568160;4501342456;4501342460;
126568160;4501342460;1402787140;
126568160;1402787140;4501342458;
126568160;4501342458;4501342459;
126568160;4501342459;1402787143;
126568160;1402787143;4496009435;
126568160;4496009435;1402787134;
126568160;1402787134;4496009436;
126568160;4496009436;1402787145;
126568160;1402787145;1402787136;
126568160;1402787136;3573222191;
126568161;1402787130;1402787146;
126568161;1402787146;4496009446;
126568161;4496009446;4496009447;
126568161;4496009447;1402787142;
126568161;1402787142;1402787137;
126568161;1402787137;4496009449;
126568161;4496009449;4496009448;
126568161;4496009448;4496009450;
126568161;4496009450;1402787135;
141476900;4455723333;4573598284;
141476900;4573598284;5198539828;
141476900;5198539828;287458452;
160379534;1724272859;1724272847;
160379534;1724272847;1724272905;
160379534;1724272905;1724272919;
160379534;1724272919;1724272861;
160379534;1724272861;1724272893;
160379534;1724272893;1724272850;
160379534;1724272850;1724272859;
160379536;1724272859;1724272889;
160379536;1724272889;1724272913;
160379536;1724272913;1724272852;
160379536;1724272852;3573222220;
160379536;3573222220;3573222223;
160379537;1724272845;1724272916;
160379537;1724272916;3573222224;
160379537;3573222224;1724272903;
160379537;1724272903;1724272856;
160379537;1724272856;1724272908;
160379543;1724272886;3573222247;
160379543;3573222247;3573222240;
160379543;3573222240;3573222232;
160379545;3573222221;3573222215;
160379545;3573222215;1724272896;
160379545;1724272896;1724272884;
160379547;1724272884;1724272867;
160379547;1724272867;1724272870;
160379547;1724272870;1724272863;
160379547;1724272863;1724272910;
160379547;1724272910;1724272901;
160379547;1724272901;1724272873;
160379547;1724272873;1724272854;
160379547;1724272854;1724272884;
166972992;112613584;431647245;
166972992;431647245;444004650;
166972992;444004650;444004648;
166972992;444004648;4585887625;
166972992;4585887625;3170300783;
166972992;3170300783;128560415;
166972992;128560415;2485736719;
166972992;2485736719;2485736720;
166972992;2485736720;128560419;
166972993;112652015;112613584;
166973018;112652015;112652017;
166973018;112652017;112652018;
166973018;112652018;112652019;
195652230;2060757045;2060757107;
195652230;2060757107;2060757079;
195652231;2060757028;3170300789;
195652231;3170300789;3170300792;
195652231;3170300792;2060757035;
195652231;2060757035;2060757023;
195652232;2060757073;3170300788;
195652232;3170300788;2060757069;
195652232;2060757069;2060757061;
195652232;2060757061;2060757071;
195652232;2060757071;2060757079;
195652232;2060757079;3170300791;
195652232;3170300791;2060757041;
195652233;2060757069;2060757027;
195652233;2060757027;2060757091;
195652233;2060757091;3170300779;
195652234;2060757032;3170300774;
195652234;3170300774;2060757063;
195652234;2060757063;3170300779;
195652234;3170300779;2060757081;
195652234;2060757081;2060757053;
195652234;2060757053;2060757101;
195652234;2060757101;2060757073;
195652235;2060757085;2060757083;
195652235;2060757083;2060757061;
195652236;2060757067;2060757055;
195652236;2060757055;2060757028;
195652236;2060757028;2060757021;
195652238;2060757071;2060757093;
195652238;2060757093;2060757077;
195652238;2060757077;2060757063;
195652240;2060757087;2060757021;
195652240;2060757021;3170300788;
195652241;2060757051;2060757017;
195652241;2060757017;2060757055;
195652241;2060757055;2060757065;
195652241;2060757065;2060757059;
195652243;420774512;5476716966;
195652243;5476716966;2060757099;
195652243;2060757099;2060757041;
195652243;2060757041;5476716965;
195652243;5476716965;3170300793;
195653648;2060766657;2060766656;
195653648;2060766656;2060757025;
196972617;412249443;2084090862;
196972617;2084090862;2072674362;
196972617;2072674362;2072674363;
196972618;2072674362;2072674364;
196972618;2072674364;2072674366;
196972619;2072674366;2072674367;
196972619;2072674367;2072674368;
196972619;2072674368;2072674369;
196972619;2072674369;2072674366;
197100020;2073943321;2073943322;
197100020;2073943322;2073943320;
197100021;444004622;444004628;
197100021;444004628;444004623;
197100021;444004623;2489687358;
197100021;2489687358;4378186434;
197100021;4378186434;4378186445;
197100021;4378186445;4378186448;
198248591;2084090870;2084090868;
198248722;444004669;2084091578;
198248722;2084091578;2084091558;
198248722;2084091558;2084091559;
198248722;2084091559;2084091560;
198248722;2084091560;2084091551;
198248722;2084091551;2084091580;
198248722;2084091580;4718388067;
198248722;4718388067;2084091563;
198248722;2084091563;2084091566;
198248722;2084091566;2084091579;
198248722;2084091579;2084091565;
198248722;2084091565;2084091567;
198248722;2084091567;2084091554;
198248722;2084091554;2084091571;
198248722;2084091571;2084091569;
198248722;2084091569;2084091568;
198248726;2084091557;2084091553;
198248726;2084091553;2084091570;
198248726;2084091570;2084091574;
198248726;2084091574;2084091562;
198248726;2084091562;4455723320;
198248726;4455723320;4455723321;
198248726;4455723321;2084091552;
198248726;2084091552;4455723322;
198248726;4455723322;2084091555;
198248726;2084091555;4455723323;
198248726;4455723323;4455723324;
198248726;4455723324;4455723325;
198248726;4455723325;4455723322;
198248910;2084093827;504782514;
198248910;504782514;2084093830;
200205516;2102009665;2102009669;
200205516;2102009669;2102009667;
200205516;2102009667;4737169844;
200205516;4737169844;2102009668;
200205516;2102009668;4737169868;
200205516;4737169868;4737169830;
200205516;4737169830;4737169829;
200205516;4737169829;2102009670;
200207562;2102030065;2102030068;
200207562;2102030068;2102030063;
200207562;2102030063;2102030073;
200207562;2102030073;430284846;
200207562;430284846;2102030072;
205638142;2156098713;2156098707;
205638142;2156098707;2156098749;
205638142;2156098749;2156098752;
205638142;2156098752;2156098711;
205638142;2156098711;2156098756;
205638142;2156098756;2156098746;
205638142;2156098746;2156098750;
205638142;2156098750;3573222099;
205638142;3573222099;2156098719;
205638144;2156098755;2156098710;
205638144;2156098710;2156098725;
205638144;2156098725;2156098713;
205638144;2156098713;5454496159;
205638144;5454496159;2156098709;
205638144;2156098709;3573222118;
205638144;3573222118;2156098708;
205638145;2156098702;2156098697;
205638145;2156098697;2156098716;
205638146;4384591143;2156098688;
205638146;2156098688;2156098712;
205638146;2156098712;2156098698;
205638146;2156098698;4378185445;
205638146;4378185445;2156098689;
205638147;2156098695;3573222098;
205638147;3573222098;2156098729;
205638878;2156104174;3554953689;
205638878;3554953689;3554953690;
205638878;3554953690;2156104173;
205638880;2156104174;2156104172;
205638880;2156104172;5476717000;
205638880;5476717000;2156104176;
205638880;2156104176;2156104171;
205638880;2156104171;5476717001;
205638880;5476717001;2156104169;
205638880;2156104169;2156104174;
206867053;2169139649;2169139655;
206867053;2169139655;2169139656;
206868043;2169148352;444004644;
208262837;2185756687;2185762067;
208262837;2185762067;2185762064;
208262837;2185762064;2185762047;
208262837;2185762047;2185762049;
208262837;2185762049;506111741;
208262837;506111741;2185762050;
208262837;2185762050;2185756687;
208263088;2185762067;2185766308;
208263088;2185766308;2185766309;
208263088;2185766309;2185766307;
208263088;2185766307;2185766310;
208263088;2185766310;2185766306;
208263088;2185766306;2185765238;
208263088;2185765238;2185765236;
208263088;2185765236;2185765234;
208263088;2185765234;2185765237;
208263088;2185765237;2185765235;
208263088;2185765235;2185762064;
208265320;4282469045;4282469046;
208265320;4282469046;4282469047;
208265320;4282469047;2185792255;
208265320;2185792255;4517268326;
208265320;4517268326;2185792256;
208272059;4517268326;4282469049;
208272059;4282469049;4517268307;
208272059;4517268307;4517268293;
209633322;2198252493;3573222212;
209633322;3573222212;420807840;
209633323;287458431;112613601;
209633323;112613601;3573222266;
211339125;1103464865;1838445085;
211339125;1838445085;112664310;
211339125;112664310;112664312;
211339125;112664312;4495896929;
211339125;4495896929;4495896928;
211339125;4495896928;112664314;
211339125;112664314;4413343749;
211339125;4413343749;112664315;
211339125;112664315;112664316;
211339125;112664316;1731171102;
211339125;1731171102;112664317;
211339125;112664317;112664318;
211339125;112664318;4463731540;
211339125;4463731540;3139458003;
211339125;3139458003;112664320;
211339125;112664320;112664325;
211339125;112664325;112664327;
211339125;112664327;445028226;
211339125;445028226;112664333;
211339125;112664333;2207552041;
211339125;2207552041;112651985;
211339125;112651985;112651987;
211339125;112651987;1389528039;
211339125;1389528039;112651988;
211339125;112651988;26057846;
211339125;26057846;3713963405;
211339125;3713963405;3713963409;
211339125;3713963409;3139458027;
211339125;3139458027;2583924942;
211339125;2583924942;112651991;
220234009;26057853;112613609;
220234009;112613609;112613610;
220234009;112613610;2846609718;
220234009;2846609718;3522178888;
220234009;3522178888;112613611;
220234009;112613611;432589602;
220234009;432589602;432589603;
220234009;432589603;112613612;
220234009;112613612;445439300;
220234010;3573222266;112613602;
220234010;112613602;4907380636;
220234010;4907380636;2198252488;
220234010;2198252488;112613603;
220234010;112613603;420776909;
220234011;3713963962;26122725;
220234011;26122725;3713963965;
220234011;3713963965;3713963967;
220234011;3713963967;3713963968;
220234011;3713963968;3713963970;
220234011;3713963970;3713963972;
220234011;3713963972;3713963974;
220234011;3713963974;3713963976;
220234012;26122718;3713843052;
220234012;3713843052;26122719;
228569586;5258500725;128566335;
236978557;435240972;4526609647;
236978557;4526609647;2449318866;
238249552;412249448;2460915650;
238249552;2460915650;2460915651;
238249553;2460915655;2460915656;
238249553;2460915656;2460915657;
238249553;2460915657;412249450;
238249554;2460915651;2460915652;
238249554;2460915652;2460915653;
238249554;2460915653;2460915654;
238249554;2460915654;2460915655;
238249554;2460915655;2460915651;
238249556;2460915663;2460915671;
238249556;2460915671;2460915664;
238249556;2460915664;2460915665;
238249556;2460915665;2460915666;
238249556;2460915666;2460915667;
238249556;2460915667;2460915668;
238249556;2460915668;2460915669;
238249556;2460915669;2460915670;
238249557;2460915671;2460915672;
240884741;432597949;2617650081;
240884741;2617650081;2485736714;
240884741;2485736714;435240867;
240884741;435240867;2485736713;
240884741;2485736713;435240873;
240884741;435240873;4526607788;
240884741;4526607788;435240876;
240884741;435240876;435240878;
240884741;435240878;2485736717;
240884741;2485736717;2485736715;
240884741;2485736715;128560419;
241285511;2489687353;2489687354;
241285511;2489687354;2489687355;
241285511;2489687355;2489687356;
241285511;2489687356;2489687347;
241364281;2490198491;128581932;
252334869;2102030070;2102030075;
252334869;2102030075;2102030067;
252334869;2102030067;2169139656;
252338680;2583946064;2102030064;
252338680;2102030064;430284829;
252338680;430284829;788743446;
252338680;788743446;430284831;
252338680;430284831;430284833;
252338683;2583930788;128560413;
252338684;2583946063;2102030074;
252338684;2102030074;2583946064;
254724123;2605258290;3170300794;
254724123;3170300794;2605258257;
254726047;2605287683;2605287643;
254726050;2605287678;2605287643;
254726050;2605287643;2605287663;
254726050;2605287663;2605287704;
254726050;2605287704;2605287581;
256605509;128560419;2485736718;
256605509;2485736718;128560420;
256605509;128560420;128560421;
256605510;128560421;128560423;
256605510;128560423;4731117093;
256605510;4731117093;128560426;
256605511;432597947;4378171744;
256605511;4378171744;444004662;
256605511;444004662;2846609729;
280570948;2846609729;444011313;
286085489;420807840;420776909;
286085490;420807841;3573222260;
286085490;3573222260;3554953698;
286085490;3554953698;1724272886;
308678904;3139458018;3139458232;
308678904;3139458232;5310412113;
308678904;5310412113;3139458242;
308678904;3139458242;3139458286;
308678907;3139458286;3139458292;
308678907;3139458292;5310412111;
308678907;5310412111;3139458016;
308678907;3139458016;5310412112;
308678907;5310412112;3139458237;
308678923;3139458282;3139458277;
308678923;3139458277;3139458233;
308678923;3139458233;3573222268;
308678923;3573222268;287458435;
308678933;2169139656;2169139651;
308678934;112613598;3139458294;
308678934;3139458294;3139458235;
308678934;3139458235;3139458285;
308678934;3139458285;3139458278;
308678935;3139458286;2073945447;
308678936;3139458009;420776893;
311394889;3170300775;3170300779;
311394890;2060757035;2060757089;
311394890;2060757089;2060757104;
311394891;3170300788;2060757039;
311394891;2060757039;2060757049;
311394891;2060757049;2060757081;
311394892;3170300770;3170300775;
311394892;3170300775;3170300780;
311394892;3170300780;3170300784;
311394892;3170300784;3170300786;
311394892;3170300786;3170300787;
311394892;3170300787;3170300785;
311394892;3170300785;3170300782;
311394892;3170300782;3170300773;
311394893;3170300783;3170300781;
311394893;3170300781;3170300778;
311394893;3170300778;3170300777;
311394893;3170300777;3170300776;
311394893;3170300776;3170300772;
311394893;3170300772;4526607813;
311394893;4526607813;2102009670;
311394893;2102009670;4526607812;
311394893;4526607812;3170300771;
311394893;3170300771;4737169882;
311394893;4737169882;4737169880;
311394893;4737169880;4526607808;
311394893;4526607808;3170300769;
311394893;3170300769;4526607811;
311394893;4526607811;4737169885;
311394893;4737169885;3170300768;
311394893;3170300768;4526607776;
311394893;4526607776;3170300770;
311394893;3170300770;3170300774;
311394894;3170300791;3170300790;
311394894;3170300790;2060757030;
311394895;2060757073;2060757059;
311394895;2060757059;2060757047;
311394895;2060757047;2060757067;
311394895;2060757067;2060757025;
311394895;2060757025;2060757051;
311394895;2060757051;2060757104;
311394895;2060757104;2060757057;
316459169;420776943;3554953676;
316459169;3554953676;430006694;
316459169;430006694;3554953681;
316459169;3554953681;4149583051;
316459169;4149583051;3573222107;
316459169;3573222107;420776945;
316459169;420776945;420807840;
318698147;444004657;3250683206;
318698147;3250683206;444004658;
318698147;444004658;444004656;
318698147;444004656;444004659;
318698149;3250683206;3250683209;
318698149;3250683209;4452248008;
318698149;4452248008;3250683220;
345566831;3092764693;3522106319;
345566831;3522106319;3092764716;
345566831;3092764716;26015888;
345566831;26015888;3092764718;
345566831;3092764718;26015884;
349643787;4327945216;3573222241;
349643787;3573222241;4907380634;
349643787;4907380634;3554953693;
349643787;3554953693;3573222239;
349643787;3573222239;2198252493;
349643887;3554953676;3554953677;
349643887;3554953677;3554953679;
349643889;3554953681;3554953680;
349643889;3554953680;3554953679;
349643891;3554953706;112651995;
349643894;430267079;3554953706;
349643896;430267082;5310412115;
349643896;5310412115;3554953711;
349643896;3554953711;5310412116;
349643896;5310412116;3554953710;
349643898;3554953710;5310412118;
349643898;5310412118;3554953709;
349643898;3554953709;5310412117;
349643898;5310412117;3554953708;
349643961;412249445;3554953662;
349643961;3554953662;3554953664;
349643961;3554953664;5258475326;
349643961;5258475326;3554953658;
349643961;3554953658;3554953660;
349643964;444011318;3554953652;
349643964;3554953652;3554953655;
349643964;3554953655;3554953659;
349643964;3554953659;2084090865;
349643964;2084090865;3554953665;
349643964;3554953665;3554953666;
351525659;3573222221;3573222218;
351525659;3573222218;3573222219;
351525659;3573222219;3573222223;
351525659;3573222223;3573222226;
351525659;3573222226;3573222230;
351525659;3573222230;3573222232;
351525659;3573222232;3573222233;
351525659;3573222233;3573222231;
351525659;3573222231;1724272845;
351525659;1724272845;3573222225;
351525659;3573222225;3573222221;
351525660;3573222230;3573222243;
351525660;3573222243;3573222251;
351525662;112652014;112652015;
351525669;3573222249;112613584;
351525677;3573222199;2846609712;
351525677;2846609712;112613581;
351525677;112613581;431647219;
351525677;431647219;3573222249;
351525686;3573222187;3573222184;
351525686;3573222184;3573222183;
351525686;3573222183;3573222186;
351525686;3573222186;4496009439;
351525686;4496009439;4496009440;
351525686;4496009440;4496009441;
351525686;4496009441;4496009442;
351525686;4496009442;4496009443;
351525686;4496009443;4496009444;
351525686;4496009444;4496009445;
351525686;4496009445;1402787130;
351525686;1402787130;3573222189;
351525686;3573222189;4496009437;
351525686;4496009437;4496009438;
351525686;4496009438;3573222191;
351525686;3573222191;3573222192;
351525686;3573222192;3573222190;
351525686;3573222190;3573222188;
351525686;3573222188;3573222187;
351525693;3573222212;3573222201;
351525693;3573222201;3573222198;
351525693;3573222198;3573222157;
351525693;3573222157;3573222138;
351525693;3573222138;3573222133;
351525693;3573222133;3573222132;
351525693;3573222132;3573222130;
351525693;3573222130;3573222128;
351525693;3573222128;3573222109;
351525693;3573222109;3573222108;
351525693;3573222108;3573222104;
351525701;3573222222;3573222216;
351525704;3573222205;3573222210;
351525712;3573222165;3573222159;
351525716;3573222157;3573222163;
351525718;3573222234;3573222239;
351525727;3573222156;3573222149;
351525727;3573222149;3573222140;
351525728;3573222253;3573222246;
351525728;3573222246;3573222241;
351525729;3573222108;3573222127;
351525729;3573222127;3573222128;
351525730;3573222217;3573222213;
351525730;3573222213;3573222209;
351525732;3573222260;3573222261;
351525732;3573222261;3573222256;
351525734;3573222207;3573222206;
351525734;3573222206;3573222198;
351525736;3573222145;3573222154;
351525736;3573222154;3573222168;
351525738;3573222201;3573222208;
351525738;3573222208;3573222207;
351525738;3573222207;3573222211;
351525741;3573222210;3573222211;
351525741;3573222211;3573222227;
351525741;3573222227;3573222234;
351525742;3573222205;3573222203;
351525742;3573222203;3573222197;
351525742;3573222197;3573222196;
351525744;3573222234;3573222229;
351525744;3573222229;3573222214;
351525744;3573222214;3573222210;
351525748;3573222197;3573222200;
351525748;3573222200;3573222217;
351525748;3573222217;3573222222;
351525748;3573222222;3573222237;
351525749;3573222195;3573222196;
351525749;3573222196;3573222202;
351525749;3573222202;3573222204;
351525749;3573222204;3573222205;
351525751;3573222153;3573222161;
351525751;3573222161;3573222178;
351525751;3573222178;3573222193;
351525751;3573222193;3573222195;
351525760;3573222195;3573222194;
351525760;3573222194;3573222179;
351525760;3573222179;3573222160;
351525760;3573222160;3573222152;
351525763;3573222240;3573222242;
351525763;3573222242;3573222244;
351525763;3573222244;3573222238;
351525763;3573222238;3573222228;
351525763;3573222228;3573222224;
351525764;3573222127;3573222134;
351525764;3573222134;3573222137;
351525764;3573222137;3573222145;
351525764;3573222145;3573222147;
351525764;3573222147;3573222130;
351525766;3573222163;3573222170;
351525766;3573222170;3573222182;
351525766;3573222182;3573222181;
351525766;3573222181;3573222175;
351525766;3573222175;3573222162;
351525766;3573222162;3573222163;
351525772;3573222138;3573222140;
351525772;3573222140;3573222141;
351525772;3573222141;3573222135;
351525772;3573222135;3573222136;
351525772;3573222136;3573222139;
351525773;3573222107;3573222110;
351525773;3573222110;3573222114;
351525773;3573222114;3573222116;
351525773;3573222116;3573222124;
351525773;3573222124;3573222125;
351525773;3573222125;3573222126;
351525780;3573222148;3573222151;
351525780;3573222151;3573222153;
351525780;3573222153;3573222152;
351525780;3573222152;3573222150;
351525780;3573222150;3573222146;
351525780;3573222146;3573222143;
351525780;3573222143;3573222144;
351525780;3573222144;3573222148;
351525782;3573222200;3573222185;
351525782;3573222185;3573222177;
351525782;3573222177;3573222171;
351525782;3573222171;3573222165;
351525782;3573222165;3573222164;
351525782;3573222164;3573222169;
351525782;3573222169;3573222174;
351525782;3573222174;3573222197;
367461722;26122713;3713816544;
367461722;3713816544;3713816545;
367461723;3713816546;26122714;
367461725;25532222;3522106323;
367461725;3522106323;3522106321;
367461725;3522106321;3522106312;
367461725;3522106312;25532189;
367461726;25532211;3713666417;
367461726;3713666417;25532212;
367461726;25532212;3713666424;
367461726;3713666424;26122713;
367464148;3713843054;26122787;
367477464;3713963940;3713963937;
367477464;3713963937;26122784;
367477465;26122787;3713843053;
367477465;3713843053;26122788;
367477466;3713963964;3713963963;
367477466;3713963963;26122781;
367477467;26122786;3713963391;
367477467;3713963391;3713843054;
367477469;26122784;26122785;
367477469;26122785;3713963402;
367477469;3713963402;26122786;
367477470;26122719;3713963389;
367477470;3713963389;3713963390;
367477470;3713963390;26122720;
367477471;26122724;3713963956;
367477471;3713963956;3713963959;
367477471;3713963959;3713963962;
367477472;3713963949;26122723;
367477472;26122723;319309730;
367477472;319309730;26122724;
367477473;26122781;3713963960;
367477473;3713963960;3713963957;
367477473;3713963957;26122782;
367477474;26122782;3713963953;
367477474;3713963953;26122783;
367477474;26122783;3713963952;
367477474;3713963952;3713963948;
367477474;3713963948;3713963943;
367477474;3713963943;3713963940;
367477475;26122788;3713843051;
367477475;3713843051;3713843049;
367477475;3713843049;26122789;
367477475;26122789;3713816548;
367477475;3713816548;26122716;
367477475;26122716;3713816547;
367477475;3713816547;3713816546;
367477476;26122720;3713963416;
367477476;3713963416;26122721;
367477476;26122721;3713963927;
367477476;3713963927;3713963936;
367477476;3713963936;3713963939;
367477476;3713963939;26122722;
367477476;26122722;3713963946;
367477476;3713963946;3713963949;
367477477;26057801;3139458275;
367477477;3139458275;3713963951;
367477477;3713963951;3713963950;
367477477;3713963950;26057803;
367477477;26057803;3713963947;
367477477;3713963947;26057804;
367477477;26057804;3713963945;
367477477;3713963945;3713963944;
367477477;3713963944;3139458255;
367477477;3139458255;3713963942;
367477477;3713963942;26057805;
367477477;26057805;26057813;
406682433;411504968;4737169812;
406682433;4737169812;4087312908;
415097761;2460915605;4161712070;
415097761;4161712070;4161712071;
415097761;4161712071;4161712072;
415097761;4161712072;4161712073;
415097761;4161712073;4161712074;
415097761;4161712074;4161712075;
415097761;4161712075;4161712076;
415097761;4161712076;4161712077;
420339891;5198413635;5476716959;
420339891;5476716959;4204296205;
420339891;4204296205;4202779473;
420339891;4202779473;4202779464;
420339891;4202779464;4202779467;
420339891;4202779467;4202779466;
420339891;4202779466;4202779468;
420339891;4202779468;4210849180;
420339891;4210849180;5198413634;
420339891;5198413634;5198413679;
420339891;5198413679;5476716958;
420339891;5476716958;4203872944;
420339891;4203872944;4202779474;
420455890;4203872944;4203872923;
420455890;4203872923;4203872930;
420455890;4203872930;4203872958;
420455890;4203872958;4203872957;
420455890;4203872957;5198413653;
420455890;5198413653;4210569962;
420455890;4210569962;4210569960;
420455890;4210569960;4210569952;
420455890;4210569952;4210569951;
420455890;4210569951;5454496150;
420455890;5454496150;4210569950;
420455890;4210569950;4210569949;
420455890;4210569949;4203872926;
420455890;4203872926;4210569948;
420455890;4210569948;4210569953;
420455890;4210569953;4210569954;
420455890;4210569954;5198413001;
420455890;5198413001;4203872921;
420455891;4203872921;5198413641;
420455891;5198413641;4203872949;
420455891;4203872949;4203872934;
420455891;4203872934;4203872946;
420455891;4203872946;4203872922;
420455891;4203872922;4202779471;
421271321;4203872926;4210543499;
421271321;4210543499;4210543498;
421271321;4210543498;4210543496;
421271321;4210543496;4210543493;
421271321;4210543493;4210543491;
421271321;4210543491;4210849137;
421271321;4210849137;4210543490;
421271321;4210543490;5198413007;
421271321;5198413007;5198412999;
421271321;5198412999;5198413000;
421271321;5198413000;4210543491;
421305605;4210849143;5198563363;
421305605;5198563363;4210849160;
421305605;4210849160;4210849162;
421305605;4210849162;4203872944;
421305607;4210849144;5198563364;
421305607;5198563364;4210849146;
421305607;4210849146;4210849149;
421305607;4210849149;4210849151;
421305607;4210849151;4210849155;
421305607;4210849155;4210849156;
429123178;4282469057;4282469053;
429123178;4282469053;4282469051;
429123179;4282469056;506111742;
429123179;506111742;4282469050;
429123180;4282469042;4517268344;
429123180;4517268344;4282469044;
429123181;4282469037;4282469025;
429123181;4282469025;4282469014;
429123181;4282469014;4282469011;
429123181;4282469011;4282469012;
429123181;4282469012;4282469015;
434878389;1724272886;3573222251;
434878389;3573222251;4327945216;
434878392;112613584;112613586;
434878392;112613586;112613587;
434878392;112613587;112613588;
434878392;112613588;112613589;
434878392;112613589;444004652;
434878392;444004652;2102030069;
434878392;2102030069;3139458266;
434878392;3139458266;2622548692;
434878392;2622548692;112613590;
434878392;112613590;112613592;
434878392;112613592;2622548688;
434878392;2622548688;112613593;
434878392;112613593;112613594;
434878392;112613594;112613595;
434878392;112613595;112613596;
434878392;112613596;112613597;
434878392;112613597;112613598;
434878392;112613598;4378186495;
434878392;4378186495;287458435;
434878392;287458435;112613600;
434878392;112613600;4907380638;
434878392;4907380638;287458431;
434879919;112651992;26057813;
434879919;26057813;112651993;
434879919;112651993;420776893;
434879919;420776893;4415729625;
434879919;4415729625;4415729622;
434879919;4415729622;420776894;
434879919;420776894;420776895;
434879919;420776895;112651994;
434879919;112651994;788826702;
434879919;788826702;788826710;
434879919;788826710;788826707;
434879919;788826707;788826682;
434879919;788826682;431925048;
434879919;431925048;2225262331;
434879919;2225262331;4907380635;
434879919;4907380635;4327958289;
434879919;4327958289;430267079;
434879919;430267079;112651995;
434879919;112651995;446308238;
434879919;446308238;4907380637;
434879919;4907380637;3139458282;
434879919;3139458282;287458421;
434879919;287458421;3139458278;
434879919;3139458278;4520426801;
434879919;4520426801;4520426809;
434879919;4520426809;112651997;
434879919;112651997;3139458018;
434879919;3139458018;112651999;
434879919;112651999;3139458237;
434879919;3139458237;112652000;
434879919;112652000;112652001;
434879919;112652001;112652002;
434879919;112652002;4327945217;
434879919;4327945217;112652003;
434879919;112652003;112652004;
434879919;112652004;2622548693;
434879919;2622548693;2169139657;
434879919;2169139657;2169139649;
434879919;2169139649;2169139651;
434879919;2169139651;112652006;
434879919;112652006;112652009;
434879919;112652009;430284836;
434879919;430284836;112652011;
434879919;112652011;112652012;
434879919;112652012;112652014;
440117023;4455723336;1548554610;
440117025;4381093229;4378171721;
440117025;4378171721;4455723336;
440117025;4455723336;5198412998;
440117025;5198412998;5198412996;
440117025;5198412996;5454496157;
440117025;5454496157;5198563371;
440117025;5198563371;5198412991;
440117025;5198412991;5198412994;
440117112;4378185821;4378185829;
440117112;4378185829;4378185846;
440117112;4378185846;4378185851;
440117112;4378185851;4378185797;
440117112;4378185797;4378185688;
440117112;4378185688;4378185430;
440117112;4378185430;4378185413;
440117112;4378185413;4378185409;
440117112;4378185409;4378185400;
440117113;4378186057;4378186145;
440117113;4378186145;4378186187;
440117113;4378186187;4378186190;
440117113;4378186190;4378186191;
440117113;4378186191;4378186188;
440117113;4378186188;4378186177;
440117113;4378186177;4378186168;
440117113;4378186168;4378186150;
440117113;4378186150;4378186127;
440117113;4378186127;4378186124;
440117113;4378186124;4378186122;
440117113;4378186122;4378186047;
440117114;4378186122;4378186087;
440117115;4378185901;5476716983;
440117115;5476716983;4378185928;
440117116;4378186127;4378186170;
440117117;4378185914;4378185910;
440117118;4378185629;4378185636;
440117119;4378186020;4378186013;
440117120;4378186214;4378186216;
440117121;4378186047;4378186081;
440117122;4378185867;4378185824;
440117123;4378185931;4378185930;
440117124;4378186498;2489687351;
440117125;4378186229;5198563372;
440117125;5198563372;4378186209;
440117126;4378186056;4378186048;
440117127;4378186458;4378186478;
440117128;4378186214;4378186212;
440117129;4378185811;4378185866;
440117130;4378185397;4378185422;
440117131;4378186168;4378186291;
440117132;4378185868;4378185871;
440117133;4378185430;4378185442;
440117134;4378185926;4378185933;
440117135;4203872921;4378171763;
440117136;4378185658;4378185632;
440117137;4378185877;4378185835;
440117138;444004640;4378186115;
440117139;4202779469;5198563365;
440117139;5198563365;4202779471;
440117140;4378185840;4378185883;
440117141;4378185880;5476716970;
440117141;5476716970;4378185917;
440117142;4378185974;4378185999;
440117143;4378185830;4378185874;
440117144;4378185636;4378185666;
440117145;4378186302;4378186296;
440117146;4378186145;4378186134;
440117147;4378185849;4378185875;
440117148;4378185900;4378185894;
440117149;4378185408;4378185609;
440117150;4378185683;4378185829;
440117151;4378185636;4378185670;
440117152;4378186070;4378186083;
440117153;4378185947;5476716975;
440117153;5476716975;4378185985;
440117153;4378185985;4378186100;
440117153;4378186100;4378186114;
440117153;4378186114;5476716976;
440117153;5476716976;4378186214;
440117153;4378186214;4378186268;
440117153;4378186268;4378186278;
440117153;4378186278;4378186322;
440117153;4378186322;4378186342;
440117153;4378186342;4378186372;
440117153;4378186372;4378186380;
440117153;4378186380;4378186378;
440117153;4378186378;4378186371;
440117153;4378186371;4378186335;
440117153;4378186335;4378186311;
440117153;4378186311;4378186266;
440117153;4378186266;4378186212;
440117153;4378186212;5476716977;
440117153;5476716977;4378186120;
440117153;4378186120;4378186112;
440117153;4378186112;4378185995;
440117153;4378185995;4378185956;
440117154;4378186207;4378186259;
440117154;4378186259;4378186293;
440117155;4378186291;4378186277;
440117155;4378186277;4378186150;
440117156;4378185872;5476716982;
440117156;5476716982;4378185902;
440117156;4378185902;5476716989;
440117156;5476716989;4378185927;
440117157;4378186240;4378186229;
440117157;4378186229;4378186205;
440117158;4378186047;4378186012;
440117158;4378186012;4378185999;
440117159;2156104176;4378186004;
440117159;4378186004;4378185940;
440117160;4378186293;4378186294;
440117160;4378186294;4378186259;
440117161;4378185857;4378185849;
440117161;4378185849;4378185843;
440117162;4378186291;4378186292;
440117162;4378186292;4378186338;
440117163;4378185411;4378185412;
440117163;4378185412;4378185413;
440117164;4378185400;4378185406;
440117164;4378185406;4378185433;
440117165;4378185632;4378185624;
440117165;4378185624;4378185609;
440117166;4202779471;4202779465;
440117166;4202779465;5198413646;
440117166;5198413646;5198413635;
440117167;4378185791;4378185676;
440117167;4378185676;5476716994;
440117167;5476716994;4378185663;
440117168;4378185400;4378185397;
440117168;4378185397;4378185396;
440117169;4378185609;4378185604;
440117169;4378185604;430006697;
440117170;4378185938;5476716988;
440117170;5476716988;4378185922;
440117170;4378185922;5476716985;
440117170;5476716985;4378185887;
440117171;4378186208;4378186160;
440117171;4378186160;4378186151;
440117172;4378186101;4378185914;
440117172;4378185914;4378185808;
440117172;4378185808;4378185816;
440117173;4378185875;4378185864;
440117173;4378185864;4378185839;
440117173;4378185839;4378185843;
440117174;4378186057;4378186055;
440117174;4378186055;4378186035;
440117174;4378186035;4378186026;
440117175;4378185816;4378185834;
440117175;4378185834;4378185930;
440117175;4378185930;4378186020;
440117176;4378186020;4378186104;
440117176;4378186104;4378186102;
440117176;4378186102;4378186101;
440117177;4378185859;5476716981;
440117177;5476716981;4378185872;
440117177;4378185872;4378185887;
440117177;4378185887;4378185901;
440117178;4378185632;4378185634;
440117178;4378185634;4378185611;
440117178;4378185611;430006697;
440117179;4378185978;4378186003;
440117179;4378186003;4378185980;
440117179;4378185980;4378185948;
440117180;4378185816;4378185910;
440117180;4378185910;4378185931;
440117180;4378185931;4378186102;
440117181;4378185875;4378185879;
440117181;4378185879;4378185886;
440117181;4378185886;4378185898;
440117182;4378185615;4378185630;
440117182;4378185630;4378185655;
440117182;4378185655;4378185653;
440117183;4378186338;4378186223;
440117183;4378186223;4378186207;
440117183;4378186207;4378186216;
440117184;4378185999;4378185992;
440117184;4378185992;4378185986;
440117184;4378185986;4378185977;
440117185;4378186431;4378186436;
440117185;4378186436;4378186458;
440117185;4378186458;4378186439;
440117186;4378186026;4378186028;
440117186;4378186028;4378186051;
440117186;4378186051;4378186057;
440117187;4378186414;4378186431;
440117187;4378186431;4378186439;
440117187;4378186439;4378186338;
440117188;4378185898;5476716990;
440117188;5476716990;4378185882;
440117188;4378185882;5476716980;
440117188;5476716980;4378185859;
440117188;4378185859;4378185857;
440117190;4378185995;4378185990;
440117190;4378185990;4378185984;
440117190;4378185984;4378185985;
440117191;4378185615;4378185622;
440117191;4378185622;4378185640;
440117191;4378185640;4378185653;
440117192;4378185886;4378185876;
440117192;4378185876;4378185870;
440117192;4378185870;4378185879;
440117193;4378171721;4378171717;
440117193;4378171717;4378171722;
440117193;4378171722;4378171726;
440117194;4378185977;4378185993;
440117194;4378185993;4378186000;
440117194;4378186000;4378185999;
440117195;4378185653;4378185658;
440117195;4378185658;4378185678;
440117195;4378185678;4378185670;
440117196;4378186115;4378186108;
440117196;4378186108;4378186078;
440117196;4378186078;4378186064;
440117196;4378186064;4378186054;
440117197;4378186240;4378186243;
440117197;4378186243;4378186296;
440117197;4378186296;4378186377;
440117197;4378186377;4378186394;
440117198;4378185796;4378185807;
440117198;4378185807;4378185871;
440117198;4378185871;4378185967;
440117198;4378185967;4378185974;
440117199;4378186151;4378186201;
440117199;4378186201;4378186208;
440117199;4378186208;4378186232;
440117199;4378186232;2156104171;
440117200;4378186054;4378186062;
440117200;4378186062;4378186093;
440117200;4378186093;4378186105;
440117200;4378186105;4378186115;
440117201;4378186205;5476716978;
440117201;5476716978;4378186200;
440117201;4378186200;4378186083;
440117201;4378186083;4378186024;
440117201;4378186024;4378185999;
440117202;4378185796;4378185802;
440117202;4378185802;4378185868;
440117202;4378185868;4378185962;
440117202;4378185962;4378185974;
440117203;4378186394;4378186388;
440117203;4378186388;4378186302;
440117203;4378186302;4378186245;
440117203;4378186245;4378186240;
440117204;4378186343;4378186318;
440117204;4378186318;4378186352;
440117204;4378186352;4378186351;
440117204;4378186351;4378186331;
440117205;4378186026;5476716986;
440117205;5476716986;4378185936;
440117205;4378185936;4378185922;
440117205;4378185922;4378185902;
440117205;4378185902;4378185882;
440117206;4378185940;4378185983;
440117206;4378185983;4378186094;
440117206;4378186094;4378186126;
440117206;4378186126;4378186142;
440117206;4378186142;4378186151;
440117207;4378185670;4378185801;
440117207;4378185801;4378185666;
440117207;4378185666;4378185635;
440117207;4378185635;4378185590;
440117207;4378185590;4378185629;
440117208;4378186054;5476717011;
440117208;5476717011;4378186013;
440117208;4378186013;4378185934;
440117208;4378185934;5476716992;
440117208;5476716992;4378185929;
440117208;4378185929;4378185916;
440117208;4378185916;4378185898;
440117209;4378185999;4378186019;
440117209;4378186019;4378186056;
440117209;4378186056;4378186070;
440117209;4378186070;4378186192;
440117209;4378186192;5476716979;
440117209;5476716979;4378186205;
440117210;4378186177;4378186271;
440117210;4378186271;4378186279;
440117210;4378186279;4378186287;
440117210;4378186287;4378186282;
440117210;4378186282;4378186188;
440117211;4378185803;4378185861;
440117211;4378185861;5476716969;
440117211;5476716969;4378185894;
440117211;4378185894;4378185926;
440117211;4378185926;4378185948;
440117211;4378185948;4378185978;
440117211;4378185978;4378186012;
440117212;4378186495;5476716993;
440117212;5476716993;4378186482;
440117212;4378186482;4378186475;
440117212;4378186475;4378186474;
440117212;4378186474;4378186471;
440117212;4378186471;4378186478;
440117212;4378186478;4378186481;
440117213;4378186216;4378186267;
440117213;4378186267;4378186276;
440117213;4378186276;4378186339;
440117213;4378186339;4378186353;
440117213;4378186353;4378186406;
440117213;4378186406;444004620;
440117214;4378171739;4378171735;
440117214;4378171735;4378171730;
440117214;4378171730;4381093216;
440117214;4381093216;4381093217;
440117214;4381093217;4381093218;
440117214;4381093218;4381093219;
440117214;4381093219;4381093220;
440117214;4381093220;4381093221;
440117214;4381093221;4381093222;
440117214;4381093222;4381093223;
440117214;4381093223;4381093224;
440117214;4381093224;4378171726;
440117214;4378171726;4381093214;
440117214;4381093214;4381093215;
440117214;4381093215;444004683;
440117214;444004683;4378171728;
440117214;4378171728;4378171733;
440117214;4378171733;4378171737;
440117214;4378171737;4378171739;
440117215;4378186292;4378186343;
440117215;4378186343;4378186348;
440117215;4378186348;4378186414;
440117215;4378186414;4378186479;
440117215;4378186479;4378186412;
440117215;4378186412;4378186408;
440117215;4378186408;4378186394;
440117216;4378185901;5476716984;
440117216;5476716984;4378185936;
440117216;4378185936;5476716987;
440117216;5476716987;4378185947;
440117216;4378185947;4378185956;
440117216;4378185956;4378185953;
440117216;4378185953;4378185938;
440117216;4378185938;4378185927;
440117216;4378185927;4378185912;
440117216;4378185912;5476716991;
440117216;5476716991;4378185898;
440117217;4378185796;4378185791;
440117217;4378185791;4378185792;
440117217;4378185792;4378185803;
440117217;4378185803;4378185811;
440117217;4378185811;4378185824;
440117217;4378185824;4378185830;
440117217;4378185830;4378185835;
440117217;4378185835;4378185840;
440117217;4378185840;4378185843;
440117218;4378185861;4378185866;
440117218;4378185866;4378185867;
440117218;4378185867;4378185874;
440117218;4378185874;4378185877;
440117218;4378185877;4378185880;
440117218;4378185880;4378185883;
440117218;4378185883;4378185888;
440117218;4378185888;4378185857;
440389515;4381093226;2846609729;
440389516;4381093227;4381093242;
440389517;4455723330;4381093240;
440389517;4381093240;4381093241;
440389517;4381093241;4381093225;
440389517;4381093225;4381093229;
440389517;4381093229;4455723334;
440389517;4455723334;4381093230;
440389517;4381093230;4381093231;
440389517;4381093231;4455723339;
440389517;4455723339;1548554610;
440389517;1548554610;4381093226;
440389517;4381093226;4381093239;
440389517;4381093239;4381093233;
440389517;4381093233;444011313;
440389517;444011313;4381093234;
440389517;4381093234;4381093235;
440389517;4381093235;4381093236;
440389517;4381093236;4381093227;
440389517;4381093227;4381093237;
440389517;4381093237;4381093238;
440389517;4381093238;4455723330;
440389519;412246600;519337747;
440389519;519337747;5198412994;
440681022;2156098707;5198563373;
440681022;5198563373;4384588844;
440681022;4384588844;4384588855;
440681022;4384588855;4384588854;
440681022;4384588854;4384588845;
440681022;4384588845;4384588856;
440681022;4384588856;4384588846;
440681022;4384588846;4384588847;
440681022;4384588847;4384588848;
440681022;4384588848;4384588858;
440681022;4384588858;4384588849;
440681025;4384588858;4384588859;
444069160;433073106;4415729233;
444069160;4415729233;4415729234;
444069160;4415729234;4419264594;
444069160;4419264594;4496229592;
444069160;4496229592;4415729235;
444069160;4415729235;4496229591;
444069160;4496229591;4415729236;
444069160;4415729236;4496229590;
444069160;4496229590;4496229589;
444069160;4496229589;4415729237;
444069160;4415729237;4496228788;
444069160;4496228788;4415729238;
444069160;4415729238;4415729239;
444069160;4415729239;4496228786;
444069160;4496228786;4415729242;
444069160;4415729242;4496228787;
444069160;4496228787;4415729243;
444069160;4415729243;4415729244;
444069162;4415729254;4496229593;
444069162;4496229593;4415729255;
444069162;4415729255;4496229594;
444069162;4496229594;4415729257;
444069162;4415729257;4415729258;
444069162;4415729258;4415729259;
444069162;4415729259;4415729260;
444069163;4415729261;4415729262;
444069163;4415729262;4415729263;
444069163;4415729263;4415729264;
444069163;4415729264;4415729265;
444069163;4415729265;4415729266;
444069163;4415729266;4415729267;
444069163;4415729267;4415729268;
444069163;4415729268;4415729269;
444069163;4415729269;4415729270;
444069163;4415729270;4415729271;
444069163;4415729271;4415729272;
444069163;4415729272;431947934;
444069164;4415729267;4415729273;
444069164;4415729273;4415729274;
444069164;4415729274;4415729275;
444069164;4415729275;4415729276;
444069190;4415729622;4415729623;
444069190;4415729623;4415729624;
444069190;4415729624;4415729641;
444069190;4415729641;4415729625;
444069191;4415729624;4415729626;
444069191;4415729626;4415729627;
444069191;4415729627;4415729628;
444069191;4415729628;4415729629;
444069191;4415729629;4415729637;
444069191;4415729637;4415729630;
444069191;4415729630;4415729631;
444069191;4415729631;4415729644;
444069191;4415729644;4415729645;
444069191;4415729645;4415729632;
444069191;4415729632;4415729633;
444069191;4415729633;4415729634;
444069191;4415729634;4415729635;
444069191;4415729635;4415729632;
444069192;4415729635;4415729636;
444069192;4415729636;4415729630;
444069193;4415729637;4415729638;
444069193;4415729638;4415729639;
444069193;4415729639;4415729636;
444069194;4415729623;4415729640;
444069195;4415729641;4415729642;
444069195;4415729642;4415729643;
446887316;4441072622;5284518394;
446887316;5284518394;4441072623;
446887316;4441072623;4441072624;
446887316;4441072624;4441072625;
446887317;4441072626;5284518393;
446887317;5284518393;4441072627;
446887317;4441072627;4441072628;
446887317;4441072628;4441072629;
446887317;4441072629;4441072630;
446887317;4441072630;4441072634;
446887317;4441072634;4441072631;
446887318;4441072624;4441072632;
446887318;4441072632;4441072633;
446887318;4441072633;4441072634;
446887318;4441072634;4441072635;
446887318;4441072635;4441072636;
448190641;4452244284;4523942718;
448190641;4523942718;4452244285;
448190642;4452244284;4452244280;
448190642;4452244280;4452244281;
448190642;4452244281;4452244282;
448190642;4452244282;4452244283;
448190643;1548554601;4452244287;
448190643;4452244287;4452244288;
448190643;4452244288;4452247989;
448190643;4452247989;4452247990;
448190644;4452247990;4452247991;
448190644;4452247991;4452247992;
448190644;4452247992;4452247993;
448190644;4452247993;4452247994;
448190644;4452247994;4452247995;
448190644;4452247995;4452247996;
448190644;4452247996;4452247997;
448190644;4452247997;4452247998;
448190644;4452247998;4452247999;
448190644;4452247999;4452248000;
448190644;4452248000;4452248001;
448190645;4452247995;4452248002;
448190645;4452248002;4452248003;
448190645;4452248003;4452248004;
448190645;4452248004;4452248005;
448190645;4452248005;4452248006;
448190645;4452248006;4452248007;
448190645;4452248007;1548554600;
448190646;4452248008;4452248009;
448568789;4455723290;4455723291;
448568789;4455723291;4455723292;
448568790;411835386;4455723293;
448568790;4455723293;4455723294;
448568790;4455723294;4455723295;
448568791;4455723294;4455723301;
448568791;4455723301;4455723296;
448568792;4455723297;4455723296;
448568792;4455723296;4455723298;
448568792;4455723298;4455723299;
448568793;4455723298;4455723300;
448568794;4455723301;4455723302;
448568795;4455723303;4455723314;
448568795;4455723314;4455723304;
448568795;4455723304;4455723305;
448568795;4455723305;4455723306;
448568795;4455723306;4455723307;
448568795;4455723307;4455723308;
448568795;4455723308;4455723309;
448568795;4455723309;432578922;
448568797;4455723315;4455723318;
448568797;4455723318;4455723316;
448568798;4455723317;4455723318;
448568798;4455723318;4455723319;
448568799;444004668;4737169813;
448568799;4737169813;4455723326;
448568801;444004667;4455723329;
448568801;4455723329;4455723326;
448568801;4455723326;4455723327;
448568801;4455723327;4455723328;
448568804;435240972;435240974;
448568804;435240974;435240919;
448568808;343646747;416011692;
448568808;416011692;2689537165;
448568808;2689537165;1216466434;
448568808;1216466434;4598508646;
448568808;4598508646;4598508648;
448568808;4598508648;343646753;
448568808;343646753;343646736;
448568808;343646736;4526688728;
448568808;4526688728;5310457052;
448568808;5310457052;4455723340;
448568808;4455723340;5310457053;
448568808;5310457053;343646748;
448568808;343646748;1216466368;
448568808;1216466368;343646749;
448568808;343646749;4526688723;
448568808;4526688723;5258500726;
448568808;5258500726;5258500728;
448568808;5258500728;5258500725;
448858672;287458452;287458454;
448858673;128581937;128583030;
448858673;128583030;128583031;
448858674;412246608;5198960925;
448858674;5198960925;412246607;
448858674;412246607;412246606;
448858674;412246606;412246604;
448858674;412246604;412246603;
448858674;412246603;412246602;
448858675;2205380098;445032810;
448867800;2486710615;2207530849;
448867800;2207530849;128560436;
448867800;128560436;128566335;
450475039;1223751677;5284518414;
450475039;5284518414;4474021947;
450475039;4474021947;5284518415;
450475039;5284518415;1223751602;
450475039;1223751602;5284518416;
450475039;5284518416;4474021949;
450475039;4474021949;5284518417;
450475039;5284518417;4474021938;
450475039;4474021938;5284518418;
450475039;5284518418;784475024;
450475039;784475024;5284518405;
450475039;5284518405;5284518406;
450475039;5284518406;5284518419;
450475039;5284518419;4474021939;
450475039;4474021939;5284518420;
450475039;5284518420;4474021940;
450475039;4474021940;5284518521;
450475039;5284518521;1223751591;
450475039;1223751591;5284518522;
450475039;5284518522;5284518407;
450475039;5284518407;5284518523;
450475039;5284518523;4474021948;
450475039;4474021948;1223751585;
450475039;1223751585;1223751626;
450475041;1223751677;4474021941;
450475041;4474021941;5284518408;
450475041;5284518408;5284518409;
450475041;5284518409;4474021942;
450475041;4474021942;5284518410;
450475041;5284518410;4474021943;
450475041;4474021943;5284518411;
450475041;5284518411;4474021944;
450475041;4474021944;5284518412;
450475041;5284518412;4474021945;
450475041;4474021945;5284518413;
450475041;5284518413;4474021946;
450475041;4474021946;1223751626;
450475041;1223751626;1223751749;
450475041;1223751749;1223751769;
450475041;1223751769;1223751753;
450475041;1223751753;5284518398;
450475041;5284518398;4474021928;
450475041;4474021928;1223751805;
450475041;1223751805;5284518399;
450475041;5284518399;4474021933;
450475041;4474021933;5284518400;
450475041;5284518400;4474021934;
450475041;4474021934;5284518401;
450475041;5284518401;4474021935;
450475041;4474021935;4474021936;
450475041;4474021936;5284518402;
450475041;5284518402;4474021937;
450475041;4474021937;1223751677;
450904360;432578853;2066740961;
450904360;2066740961;432578854;
450904361;4478069039;4478069040;
450904361;4478069040;4478069041;
450904361;4478069041;4478069042;
450904361;4478069042;4478069043;
450904361;4478069043;4478069044;
450904361;4478069044;4478069045;
450904361;4478069045;4478069046;
453393324;445032820;445032819;
453609440;445032819;4503222505;
453609440;4503222505;4503222506;
455315129;4282469045;4517268308;
455315129;4517268308;4517268309;
455315129;4517268309;4517268356;
455315129;4517268356;4282469044;
455315138;4517268343;4517268349;
455315138;4517268349;4517268344;
455315139;4517268343;4517268345;
455315140;4517268345;4517268346;
455315141;4282469037;4523960193;
455315141;4523960193;4517268346;
455315145;4282469037;4517268359;
455315145;4517268359;4517268360;
455315145;4517268360;4573598493;
455315145;4573598493;4517268361;
455315145;4517268361;4517268362;
455315145;4517268362;4517268363;
455315145;4517268363;4517268364;
455315145;4517268364;4517268365;
455315145;4517268365;432578831;
455315147;4517268370;5258475326;
455315147;5258475326;4517268372;
455315147;4517268372;4452244285;
455315148;1548554599;4718388087;
455315148;4718388087;4517268373;
455315148;4517268373;5197902450;
455315148;5197902450;4718388088;
455315148;4718388088;2084090869;
455315148;2084090869;2084090868;
455315148;2084090868;2084090873;
455315148;2084090873;4718388289;
455315148;4718388289;4718388290;
455315148;4718388290;2084090871;
455315148;2084090871;412246602;
455685524;4520426801;4520426802;
455685524;4520426802;4520426803;
455685524;4520426803;4520426804;
455685524;4520426804;4520426805;
455685524;4520426805;4520426806;
455685524;4520426806;4520426807;
455685524;4520426807;4520426808;
455685524;4520426808;4520426818;
455685524;4520426818;4520426809;
455685525;4520426802;4520426811;
455685525;4520426811;4520426812;
455685525;4520426812;4520426813;
455685525;4520426813;4520426814;
455685525;4520426814;4520426815;
455685525;4520426815;4520426816;
455685525;4520426816;4520426817;
455685525;4520426817;4520426818;
456117157;4452244279;4523942704;
456117157;4523942704;5310412093;
456117157;5310412093;4523942705;
456117157;4523942705;4523942706;
456117157;4523942706;4523942707;
456117157;4523942707;412248011;
456117161;4523942720;4523942721;
456117161;4523942721;4452244279;
456118771;4523960189;4534707505;
456118771;4534707505;4523960190;
456118771;4523960190;4523960191;
456394698;4526607777;5198413009;
456394699;4526607779;4526607780;
456394699;4526607780;4526607785;
456394699;4526607785;4526607782;
456394699;4526607782;4526607781;
456394700;4526607782;4526607783;
456394700;4526607783;4526607784;
456394700;4526607784;4526607785;
456394702;4526607788;4526607789;
456394702;4526607789;4526607791;
456394702;4526607791;4526607792;
456394702;4526607792;4526607793;
456394702;4526607793;4526607787;
456394702;4526607787;4526607795;
456394702;4526607795;4526607786;
456394702;4526607786;2485736713;
456394704;4526607791;4526607794;
456394704;4526607794;4526607795;
456394705;4526607776;4526607796;
456394705;4526607796;4526607797;
456394705;4526607797;4526607798;
456394705;4526607798;4526607799;
456394705;4526607799;4526607800;
456394705;4526607800;4526607797;
456394706;2102009670;4526607801;
456394706;4526607801;4526607805;
456394706;4526607805;4526607802;
456394706;4526607802;4526607803;
456394706;4526607803;4526607804;
456394706;4526607804;4526607805;
456394707;4526607804;4526607806;
456394707;4526607806;4526607807;
456394707;4526607807;4526607798;
456394708;4526607808;4526607809;
456394708;4526607809;4526607810;
456394708;4526607810;4526607811;
456394709;4455723328;4526607814;
456394709;4526607814;4573598284;
456394921;435240969;435240970;
456394922;435240970;435240972;
456394923;435240970;4526609648;
456394923;4526609648;4526609649;
456405089;4526688723;5258500727;
456405089;5258500727;5258500724;
456405090;5258500724;5258500725;
460568708;4562008804;4562008805;
461133007;4441072621;4566736210;
461133007;4566736210;4566736211;
461133007;4566736211;4566736212;
461133007;4566736212;4566736213;
461133007;4566736213;4566736214;
461133007;4566736214;4566736215;
461133007;4566736215;4566736216;
461133008;4441072631;4566736217;
461133008;4566736217;4566736218;
461133008;4566736218;4566736219;
461133008;4566736219;4566736220;
461133008;4566736220;4566736216;
461133009;4441072624;4566736221;
461133009;4566736221;4566736222;
461133009;4566736222;4566736223;
461133009;4566736223;4566736224;
461133009;4566736224;4566736225;
461135460;4566797414;4566797415;
461135460;4566797415;4566797416;
461135460;4566797416;4566797417;
461135460;4566797417;4566797418;
461135460;4566797418;4566797419;
461135460;4566797419;4566797420;
461135460;4566797420;4566797421;
461135462;4566797441;4566797443;
461135462;4566797443;4566797444;
461135462;4566797444;4566797445;
461135462;4566797445;4566797446;
461135462;4566797446;4566797447;
461135462;4566797447;4566797448;
461135462;4566797448;4566797449;
461135462;4566797449;4566797450;
461135463;4566797441;4566797442;
461135464;4566797452;4566797453;
461135465;4566797452;4566797454;
461135465;4566797454;4566797455;
461135465;4566797455;4566797456;
461135465;4566797456;4566797457;
461135465;4566797457;4566797458;
461135465;4566797458;4566797459;
461135465;4566797459;4566797460;
461135465;4566797460;4566797461;
461925679;5198539829;4573598273;
461925679;4573598273;4573598274;
461925679;4573598274;4573598283;
461925679;4573598283;4573598275;
461925679;4573598275;4573598276;
461925680;4573598284;4573598277;
461925680;4573598277;4573598278;
461925680;4573598278;4573598279;
461925680;4573598279;4573598280;
461925680;4573598280;4573598281;
461925680;4573598281;4573598282;
461925681;4573598285;4573598282;
461925681;4573598282;4573598283;
461925682;4573598287;4573598288;
461925683;1223751606;420777495;
461925684;1223751607;1223751681;
461925685;4573598491;4573598492;
461925686;2185848579;430012027;
461925686;430012027;430012058;
461925686;430012058;430012057;
461925686;430012057;4282469042;
461925686;4282469042;432578830;
461925686;432578830;435240898;
461925686;435240898;4282469037;
461925686;4282469037;4282469015;
461925686;4282469015;432578831;
461925687;4282469049;2185848583;
461925687;2185848583;2185848586;
461925687;2185848586;2185848584;
461925687;2185848584;2185848565;
461925687;2185848565;2185848581;
461925687;2185848581;2185848561;
461925687;2185848561;2185848588;
461925687;2185848588;4517268358;
461925687;4517268358;2185848577;
461925687;2185848577;2185848563;
461925687;2185848563;2185848567;
461925687;2185848567;2185848568;
461925687;2185848568;2185848579;
461925688;4573598493;4573598494;
461925688;4573598494;4573598495;
461925688;4573598495;4573598496;
461925688;4573598496;4573598497;
461925688;4573598497;4573598498;
461925688;4573598498;4573598499;
461925688;4573598499;4573598500;
461925688;4573598500;4573598501;
461925688;4573598501;4573598502;
461925688;4573598502;4573598503;
461925688;4573598503;4573598504;
461925689;432578922;5310412100;
461925689;5310412100;432578925;
461925689;432578925;432578930;
461925689;432578930;411835384;
461925689;411835384;411835385;
461925689;411835385;411835386;
461925689;411835386;411835387;
461925689;411835387;4566797451;
461925689;4566797451;4566797453;
461925689;4566797453;411835388;
461925689;411835388;2460915663;
461925689;2460915663;411835389;
461925689;411835389;4566797442;
461925689;4566797442;411835390;
461925689;411835390;411835391;
461925689;411835391;432578817;
461925689;432578817;411835393;
461925689;411835393;411504977;
461925690;435240927;4573598509;
461925690;4573598509;4573598510;
461925690;4573598510;4573598511;
461925690;4573598511;4573598512;
461925690;4573598512;4573598513;
461925690;4573598513;4573598514;
461925690;4573598514;4573598515;
461925690;4573598515;4573598516;
461925690;4573598516;4573598517;
461925690;4573598517;4573598518;
463310478;4585887625;4585887626;
463310479;4585887626;4585887627;
463310479;4585887627;4585887628;
463310479;4585887628;4585887629;
463310479;4585887629;4585887630;
463310479;4585887630;4585887632;
463310479;4585887632;4585887631;
463310480;4585887632;4585887633;
463310480;4585887633;4585887634;
463310480;4585887634;4585887635;
463310480;4585887635;4585887636;
463310480;4585887636;4585887637;
463310480;4585887637;4585887638;
463310480;4585887638;4585887639;
463310480;4585887639;4585887640;
463310480;4585887640;4585887641;
463310480;4585887641;4585887645;
463310480;4585887645;4585887626;
463310481;4585887642;4585887643;
463310481;4585887643;4585887644;
463310481;4585887644;4585887645;
463310482;4585887646;4585887647;
463310482;4585887647;4585887648;
463310482;4585887648;4585887649;
463310482;4585887649;4585887650;
463310482;4585887650;4585887651;
463310482;4585887651;4585887652;
463310482;4585887652;4585887647;
463310484;4585887654;4585887655;
463310484;4585887655;4585887656;
463310484;4585887656;4585887657;
463835631;445439347;4590506319;
463835633;4590506321;4590506320;
463835634;4590506321;4590506322;
463835634;4590506322;4590506323;
463835634;4590506323;4590506324;
463835634;4590506324;4590506325;
463835634;4590506325;4590506326;
463835634;4590506326;4590506321;
468686243;420776909;3139458009;
468686243;3139458009;112613604;
468686243;112613604;2846609717;
468686243;2846609717;112613605;
468686243;112613605;112613606;
468686243;112613606;112652932;
473462766;788826712;4675765440;
473462766;4675765440;4675765441;
473462766;4675765441;4675765442;
473462766;4675765442;4675765443;
478627067;444004661;4718387882;
478627067;4718387882;4718387883;
478627067;4718387883;4718387884;
478627067;4718387884;4718387885;
478627067;4718387885;4718387886;
478627067;4718387886;4718387887;
478627067;4718387887;4718387888;
478627067;4718387888;4718387989;
478627067;4718387989;4718387996;
478627067;4718387996;4718387990;
478627067;4718387990;4718387991;
478627067;4718387991;4718387992;
478627067;4718387992;4718387993;
478627067;4718387993;4718387994;
478627067;4718387994;4718387995;
478627067;4718387995;444004660;
478627069;4718387996;4718387997;
478627072;4718388013;4718388037;
478627072;4718388037;4718388027;
478627072;4718388027;4718388014;
478627072;4718388014;4718388015;
478627072;4718388015;4718388016;
478627072;4718388016;4718388017;
478627072;4718388017;4718388036;
478627072;4718388036;4718388018;
478627072;4718388018;4718387883;
478627079;4718388054;4718388055;
478627079;4718388055;4718388056;
478627079;4718388056;4718388057;
478627079;4718388057;4718388058;
478627079;4718388058;4718388059;
478627079;4718388059;4718388060;
478627081;4718388060;4718388061;
478627081;4718388061;4718388065;
478627081;4718388065;4718388062;
478627081;4718388062;4718388063;
478627081;4718388063;4718388064;
478627081;4718388064;4718388066;
478627081;4718388066;4718388060;
478627084;4718388065;4718388066;
478627085;444011318;4718388068;
478627085;4718388068;4718388069;
478627085;4718388069;4718388070;
478627085;4718388070;4718388071;
478627085;4718388071;4718388072;
478627085;4718388072;4718388073;
478627085;4718388073;4718388074;
478627085;4718388074;4718388075;
478627085;4718388075;4718388076;
478627085;4718388076;4718388077;
478627085;4718388077;4718388078;
478627085;4718388078;4718388079;
478627085;4718388079;4718388080;
478627085;4718388080;4718388081;
478627085;4718388081;4718388082;
478627085;4718388082;4718388083;
478627085;4718388083;4718388084;
478627087;4718388075;4718388085;
478627087;4718388085;4718388086;
478882418;26015879;3092764711;
478882418;3092764711;26015881;
478882418;26015881;26015883;
478882418;26015883;26015885;
478882418;26015885;3713816543;
478882418;3713816543;3713666411;
478882418;3713666411;3092764695;
478882418;3092764695;26015887;
478882418;26015887;3713666410;
478882418;3713666410;3092764692;
478882418;3092764692;26015889;
479365561;128577519;26015914;
479365561;26015914;3092764714;
479365561;3092764714;26015912;
479365562;4161788736;3092764696;
479365563;3092764696;26015908;
479365563;26015908;26015906;
479365563;26015906;26015904;
479365563;26015904;26015902;
479365563;26015902;26015900;
479365563;26015900;128583855;
479365564;26015916;4724823850;
479365564;4724823850;2490198501;
479365564;2490198501;128577519;
479365565;26015913;2490198505;
479365566;128579264;4724823848;
479365567;4724823848;26015909;
479365567;26015909;2490198497;
479365567;2490198497;26015911;
479365567;26015911;4724823849;
479365567;4724823849;26015913;
479365568;2490198505;4724823851;
479365568;4724823851;26015915;
480083543;2490198505;128571479;
480084928;128579825;128579831;
480084928;128579831;128579832;
480084928;128579832;128579264;
480084929;128578702;128578704;
480084929;128578704;4731603466;
480084929;4731603466;128578706;
480140399;128586501;128591901;
480140399;128591901;5291597604;
480140399;5291597604;128591902;
480140399;128591902;5291597603;
480140399;5291597603;128591905;
480140399;128591905;5291598252;
480140399;5291598252;5291598247;
480140399;5291598247;5291598251;
480140399;5291598251;4731603469;
480140400;128587416;128591046;
480140400;128591046;128591048;
480140400;128591048;128591050;
480140400;128591050;128591054;
480140401;128607704;2354389960;
480140401;2354389960;2354389959;
480140401;2354389959;2354389951;
480140401;2354389951;128588858;
480746899;4737169885;4737169884;
480746899;4737169884;4737169883;
480746899;4737169883;4737169828;
480746899;4737169828;3170300773;
480746899;3170300773;4737169856;
480746899;4737169856;4737169857;
480746899;4737169857;4737169829;
480746900;4737169830;4737169831;
480746903;4737169831;4737169869;
480746904;4737169831;4737169832;
480746904;4737169832;4737169833;
480746904;4737169833;4737169834;
480746904;4737169834;4737169862;
480746904;4737169862;4737169835;
480746904;4737169835;4737169836;
480746904;4737169836;4737169837;
480746904;4737169837;4737169838;
480746904;4737169838;4737169839;
480746904;4737169839;4737169840;
480746904;4737169840;4737169841;
480746904;4737169841;4737169842;
480746904;4737169842;4737169843;
480746904;4737169843;4737169844;
536615643;5198412998;5198563367;
536615643;5198563367;5197893111;
536615643;5197893111;5197876894;
536615643;5197876894;5197876895;
536615643;5197876895;5197876896;
536615643;5197876896;5197876897;
536618473;5197893110;5197893111;
536618474;5197893112;5197895924;
536618474;5197895924;5454496156;
536618474;5454496156;5197895922;
536618474;5197895922;5197895921;
536618474;5197895921;5197893120;
536618474;5197893120;5197893119;
536618474;5197893119;5197895926;
536618474;5197895926;5197893118;
536618474;5197893118;5197893117;
536618474;5197893117;5197893116;
536618474;5197893116;5197895927;
536618474;5197895927;5197895929;
536618474;5197895929;5197893115;
536618474;5197893115;5197893114;
536618474;5197893114;5197893113;
536618475;5198412996;5198563368;
536618475;5198563368;5197895924;
536618476;5197895925;5197895926;
536618477;5197895927;5197895928;
536618478;5197895929;5197895930;
536619532;5197902450;5198563369;
536619532;5198563369;5197902453;
536619532;5197902453;5198360484;
536619532;5198360484;5197902451;
536685073;5198360484;5198360485;
536685073;5198360485;5198360488;
536685073;5198360488;5198360489;
536685073;5198360489;5198360492;
536685074;5198360489;5198360493;
536685075;5198360492;5198360487;
536685075;5198360487;5198360486;
536685076;5198360493;5198360490;
536685076;5198360490;5198360491;
536692974;5198412991;5198563362;
536692974;5198563362;5198539827;
536692974;5198539827;5198412992;
536692980;5198413009;5198563366;
536692980;5198563366;5198413010;
536692980;5198413010;5198413013;
536692980;5198413013;5198413011;
536692981;5198413012;5198413010;
536692982;5198413634;5198413633;
536692983;5198413635;5198413643;
536692983;5198413643;5198413637;
536692983;5198413637;5198413639;
536692983;5198413639;5198413638;
536692983;5198413638;5198413636;
536692984;5198413639;5198413640;
536692985;5198413641;5198413642;
536692986;5198413646;5198413647;
536692994;5198413681;5198413682;
536692994;5198413682;5198413680;
536692994;5198413680;5198413683;
536692995;5198413683;5198413684;
536692996;5198413684;5198413679;
536710725;4381093242;4455723333;
536710726;4381093242;4381093225;
536710727;5198539828;5198539829;
536758472;5198960925;5198960926;
547657329;2354389949;5291597619;
547657329;5291597619;5291597612;
547657329;5291597612;5291597618;
547657329;5291597618;5291597613;
547657329;5291597613;5291597614;
547657329;5291597614;5291597615;
547657329;5291597615;5291597617;
547657329;5291597617;5291597616;
547657329;5291597616;128597080;
547657331;5291597602;128606054;
547657331;128606054;2354389947;
547657331;2354389947;128607704;
547657335;5291598240;5291598241;
547657335;5291598241;5291598242;
547657335;5291598242;5291598243;
547657335;5291598243;5291598244;
547657335;5291598244;5291598245;
547657335;5291598245;5291598246;
547657335;5291598246;2354389960;
547793240;411831032;5292773774;
547793240;5292773774;5292773775;
547793240;5292773775;128575853;
549753672;430267083;431925046;
566391519;5454496152;5454496153;
566391519;5454496153;5454496155;
566391519;5454496155;5198412992;
566391520;5198412992;5454496154;
566391521;5454496156;5454496157;
566391522;5454496159;5454496158;
566391522;5454496158;2156098745;
566391527;4452244284;4452244279;
569470086;5476716983;5476716974;
569470087;5476716973;5476716972;
569470087;5476716972;5476716971;
569470087;5476716971;5476716970;
569470090;5476717011;5476717010;
569470090;5476717010;5476717009;
569470090;5476717009;4378186054;